7.5	0.2649208113763423	0.32300908402683404	0.6071825690805469	0.32654110735289554	0.3609788187768222	0.613755566367986
7.75	0.26833420318821	0.32586804238277534	0.6057915062733663	0.33149445002354117	0.3643877565996965	0.6112879717423481
8.	0.27171573230877205	0.32870345061155404	0.6044185483761286	0.33638792522306216	0.3677682669403708	0.6088865371059129
8.25	0.2750656940069525	0.3315155479843674	0.6030636176113937	0.3412222238531336	0.37112058732547903	0.6065503971722948
8.5	0.2783843814545218	0.33430457167510186	0.6017266358884314	0.3459980307926559	0.3744449536873747	0.6042786937499485
8.75	0.2816720857361773	0.3370707567723842	0.600407524808803	0.3507160249311182	0.3777416003714962	0.6020705757081337
9.	0.28492909585960047	0.33981433629159896	0.599106205671923	0.355376879201874	0.3810107601437129	0.599925198942949
9.25	0.2881556987654875	0.3425355411868736	0.5978225994805987	0.35998126061532704	0.38425266419765136	0.5978417263434388
9.5	0.29135217933755614	0.3452346003630311	0.5965566269465472	0.36452983029202946	0.38746754216200346	0.5958193277577717
9.75	0.29451882041252647	0.34791174068750846	0.5953082084958905	0.36902324349569016	0.39065562210781357	0.5938571799594888
10.	0.29765590279007736	0.350567187002243	0.5940772642746295	0.37346214966609514	0.39381713055574824	0.5919544666138254
10.25	0.3007637052427775	0.35320116213552577	0.5928637141540949	0.3778471924519383	0.3969522924833458	0.590110378244102
10.5	0.3038425045259916	0.3558138869138223	0.5916674777363771	0.3821790097435646	0.40006133133224614	0.5883241121981884
10.75	0.3068925753877615	0.3584055801735595	0.5904884743597338	0.386458233705623	0.4031444690154027	0.5865948726150385
11.	0.309914190578662	0.3609764587728803	0.5893266231039759	0.390685490809632	0.40620192592427373	0.5849218703912962
11.25	0.31290762086163215	0.3635267376033656	0.5881818427958305	0.3948614018664551	0.4092339209359954	0.5833043231479731
11.5	0.31587313502178105	0.36605662960172247	0.5870540520142842	0.398986582058689	0.41224067142053494	0.5817414551971976
11.75	0.31881099987616857	0.3685663457614402	0.585943169095901	0.40306164097296115	0.41522239324782495	0.5802324975090347
12.	0.32172148028356196	0.3710560951444134	0.5848491121401223	0.40708718263214017	0.4181793007948782	0.5787766876783789
12.25	0.32460483915416566	0.3735260848925311	0.5837717990145412	0.4110638055274568	0.4211116069528833	0.5773732698919161
12.5	0.32746133745932804	0.37597652023923456	0.5827111473601585	0.4149921026505359	0.4240195231342816	0.5760214948951585
12.75	0.3302912342412216	0.37840760452104105	0.5816670745966124	0.41887266152533964	0.4269032592798234	0.5747206199595511
13.	0.33309478662249903	0.38081953918903466	0.5806394979273912	0.42270606424002277	0.4297630238656067	0.573469908849648
13.25	0.3358722498159237	0.3832125238203251	0.5796283343450204	0.4264928874786982	0.43259902391009564	0.572268631790362
13.5	0.33862387713397546	0.3855867561294728	0.578633500636229	0.43023370255311344	0.4354114649811198	0.5711160654342837
13.75	0.3413499199984311	0.38794243197988065	0.5776549133870943	0.43392907543424	0.4382005512028545	0.5700114928290743
14.	0.34405062794992025	0.39027974539515464	0.5766924889881642	0.437579566783772	0.44096648526278165	0.5689542033849267
14.25	0.34672624865745555	0.3925988885704293	0.575746143639558	0.4411857319855374	0.44370946841863174	0.5679434928421012
14.5	0.34937702792793834	0.39490005188366184	0.574815793356045	0.44474812117681933	0.44642970050530545	0.5669786632385304
14.75	0.3520032097156393	0.397183423906893	0.5739013539721014	0.4482672792795903	0.4491273799417779	0.566059022877496
15.	0.3546050361316535	0.399449191417474	0.573002741146944	0.45174374603165524	0.451802703737982	0.565183886295378
15.25	0.3571827474533311	0.4016975394092624	0.5721198703695451	0.4551780560177082	0.454455867501673	0.5643525742294737
15.5	0.3597365821336826	0.4039286511037831	0.5712526569636214	0.4585707387002985	0.45708706544527433	0.5635644135858888
15.75	0.36226677681075925	0.4061427079613581	0.5704010160926041	0.46192231845070914	0.45969649039270344	0.562818737407501
16.	0.3647735663170081	0.4083398896922019	0.5695648627645857	0.46523331457974554	0.4622843337861791	0.5621148848419925
16.25	0.3672571836886024	0.410520374267485	0.5687441118372454	0.4685042413684365	0.46485078569300864	0.5614522011099561
16.5	0.36971786017474706	0.4126843379303643	0.5679386780227514	0.4717356080986458	0.46739603481235714	0.560830037473072
16.75	0.37215582524695834	0.4148319552069796	0.5671484758926436	0.47492791908359455	0.46992026848199553	0.5602477512023555
17.	0.3745713066083193	0.41696339891741896	0.5663734198826915	0.4780816736982959	0.4724236726850314	0.5597047055464764
17.25	0.3769645302027096	0.4190788401866494	0.5656134242977324	0.4811973664099005	0.4749064320566194	0.5592002697001506
17.5	0.37933572022401113	0.42117844845541585	0.564868403316487	0.484275486807952	0.4773687298906529	0.5587338187726012
17.75	0.3816850991252873	0.4232623914911066	0.5641382709963525	0.487316519634556	0.4798107481464358	0.5583047337560931
18.	0.3840128876279386	0.42533083539858585	0.5634229412781742	0.49032094481445826	0.4822326674553357	0.5579124014945376
18.25	0.38631930473083226	0.4273839446309935	0.5627223279909952	0.4932892374850353	0.4846346671274177	0.5575562146521686
18.5	0.388604567719407	0.4294218820005122	0.5620363448567847	0.4962218680261953	0.48701692515805883	0.557235571682291
18.75	0.39086889217475346	0.43144480868910107	0.5613649054951434	0.4991193020901916	0.48937961823454273	0.5569498767960994
19.	0.3931124919826684	0.4334528842591968	0.5607079234279868	0.5019820006313455	0.49172292174263665	0.5566985399315685
19.25	0.3953355793426848	0.43544626666438124	0.5600653120842083	0.5048104199356818	0.49404700977314736	0.5564809767224155
19.5	0.3975383647770767	0.43742511226001735	0.5594369848043182	0.5076050116504757	0.49635205512845837	0.5562966084671332
19.75	0.39972105713983874	0.43938957581385063	0.5588228548450627	0.5103662228137087	0.4986382293290492	0.556144862098095
20.	0.40188386362564066	0.44133981051657883	0.5582228353840188	0.5130944958834389	0.5009057026199935	0.5560251701507302
20.25	0.40402698977875734	0.44327596799238833	0.5576368395241704	0.5157902687670801	0.5031546439774387	0.5559369707327726
20.5	0.4061506395019735	0.4451981983094573	0.5570647802984581	0.5184539748505934	0.5053852211150672	0.5558797074935782
20.75	0.40825501506546236	0.4471066499904262	0.556506570674312	0.5210860430275887	0.507597600490537	0.555852829593517
21.	0.41034031711564123	0.449001470022836	0.5559621235581588	0.5236868977283391	0.5097919473119037	0.5558557916734328
21.25	0.4124067446840005	0.45088280386953206	0.555431351799908	0.5262569589487058	0.5119684255440233	0.5558880538241775
21.5	0.41445449519590805	0.45275079547903624	0.5549141681974177	0.5287966422789732	0.514127197914936	0.5559490815562156
21.75	0.4164837644793887	0.4546055872958856	0.5544104855009362	0.5313063589325967	0.51626842592223	0.5560383457692989
22.	0.4184947467738789	0.4564473202709387	0.553920216417523	0.5337865157748616	0.5183922698393861	0.5561553227222149
22.25	0.42048763473895534	0.4582761338716477	0.5534432736154475	0.5362375153514517	0.5204988887221048	0.5562994940026045
22.5	0.4224626194630401	0.4600921660922994	0.5529795697285662	0.5386597559169308	0.5225884404146114	0.5564703464968526
22.75	0.42441989047207945	0.4618955534642218	0.5525290173606768	0.5410536314631349	0.5246610815559435	0.5566673723600492
23.	0.42635963573819796	0.4636864310659582	0.5520915290898527	0.5434195317474754	0.5267169675862198	0.5568900689860219
23.25	0.42828204168832795	0.4654649325334091	0.5516670174727516	0.545757842321153	0.5287562527528877	0.5571379389774402
23.5	0.4301872932128137	0.46723119006993974	0.551255395048907	0.5480689445572846	0.5307790901169537	0.5574104901159918
23.75	0.4320755736739902	0.4689853344564562	0.5508565743449942	0.5503532156789392	0.532785631559193	0.5577072353326276
24.	0.4339470649147372	0.4707274950614476	0.5504704678790757	0.5526110287870869	0.5347760277863408	0.5580276926778821
24.25	0.4358019472670092	0.47245779985099545	0.5500969881648242	0.5548427528884573	0.5367504283372642	0.5583713852922616
24.5	0.4376403995603379	0.4741763753987511	0.5497360477157249	0.5570487529233112	0.538708981589114	0.558737841376706
24.75	0.43946259913031244	0.4758833468958786	0.5493875590492537	0.559229389793122	0.5406518347634585	0.5591265941631212
25.	0.4412687218270327	0.47757883816096586	0.5490514346910361	0.5613850203881678	0.5425791339323978	0.5595371818849821
25.25	0.4430589420235381	0.47926297164990284	0.5487275871789814	0.5635159976150379	0.5444910240246577	0.559969147748009
25.5	0.44483343262421216	0.4809358684657258	0.5484159290673973	0.5656226704240456	0.5463876488316658	0.5604220399009138
25.75	0.44659236507316036	0.48259764836843033	0.5481163729310812	0.5677053838365569	0.5482691510136075	0.5608954114062172
26.	0.4483359093625645	0.4842484297847494	0.5478288313693901	0.5697644789722274	0.5501356721054631	0.5613888202111396
26.25	0.45006423404101137	0.4858883298179004	0.5475532170102886	0.5718002930761519	0.5519873525230253	0.56190182911856
26.5	0.45177750622179613	0.487517464257298	0.5472894425143744	0.5738131595459244	0.5538243315688982	0.5624340057580501
26.75	0.4534758915912013	0.48913594758823453	0.5470374205788827	0.5758034079586097	0.5556467474384761	0.5629849225569765
27.	0.4551595544167504	0.49074389300152754	0.546797063941668	0.5777713640976267	0.5574547372259036	0.5635541567116753
27.25	0.45682865755543617	0.4923414124031339	0.5465682853851647	0.5797173499795418	0.5592484369300162	0.5641412901587006
27.5	0.45848336246192434	0.4939286164237321	0.5463509977403243	0.5816416838807739	0.5610279814602628	0.5647459095461391
27.75	0.4601238291967321	0.49550561442827057	0.5461451138905327	0.5835446803642118	0.562793504642606	0.5653676062050023
28.	0.46175021643438185	0.49707251452548284	0.5459505467755039	0.5854266503057408	0.5645451392254073	0.5660059761206839
28.25	0.463362681471529	0.4986294235773713	0.5457672093951529	0.5872879009206824	0.5662830168852893	0.5666606199044946
28.5	0.46496138023506567	0.5001764472086565	0.5455950148134456	0.5891287357901435	0.5680072682329804	0.5673311427652628
28.75	0.4665464672901995	0.501713689816194	0.5454338761622275	0.5909494548872789	0.5697180228191412	0.5680171544810111
29.	0.4681180958485062	0.503241254578359	0.5452837066450309	0.5927503546034618	0.5714154091401691	0.5687182693707014
29.25	0.46967641777595825	0.504759243464397	0.5451444195408583	0.5945317277743707	0.5730995546439859	0.5694341062660523
29.5	0.47122158360092786	0.5062677572437422	0.5450159282079465	0.5962938637059808	0.574770585735805	0.5701642884834281
29.75	0.4727537425221656	0.5077668954953021	0.5448981460875069	0.5980370482004727	0.5764286277838798	0.5709084437957994
30.	0.47427304241675333	0.5092567566167111	0.5447909867074434	0.5997615635820482	0.5780738051252323	0.5716662044047733
30.25	0.47577962984803207	0.5107374378335489	0.5446943636860512	0.6014676887226607	0.5797062410713641	0.572437206912698
30.5	0.47727365007350553	0.5122090352085273	0.5446081907356903	0.6031556990676525	0.581326057913945	0.5732210922948356
30.75	0.47875524705271777	0.5136716436506441	0.5445323816664394	0.6048258666613084	0.5829333769304859	0.5740175058716095
31.	0.48022456345510656	0.5151253569243028	0.5444668503897263	0.6064784601723163	0.5845283183899902	0.5748260972809199
31.25	0.481681740667831	0.5165702676584015	0.5444115109219381	0.608113744919141	0.5861110015585862	0.5756465204505332
31.5	0.4831269188035747	0.5180064673553872	0.5443662773880074	0.6097319828953094	0.5876815447051419	0.5764784335705415
31.75	0.4845602367083237	0.5194340464002771	0.5443310640249786	0.6113334327946054	0.5892400651068574	0.5773214990658944
32.	0.4859818319691188	0.5208530940696487	0.5443057851855507	0.6129183500361782	0.5907866790548417	0.5781753835690004
32.25	0.4873918409217844	0.5222636985405948	0.544290355341599	0.6144869867895597	0.5923215018596673	0.5790397578924027
32.5	0.48879039865863044	0.5236659468996476	0.5442846890876747	0.6160395919995948	0.593844647856907	0.5799142970015233
32.75	0.4901776390361302	0.5250599251516674	0.5442887011444822	0.6175764114112811	0.5953562304126521	0.58079867998748
33.	0.49155369468257337	0.5264457182287017	0.5443023063623355	0.619097687594522	0.5968563619290086	0.5816925900399752
33.25	0.49291869700569335	0.5278234099988081	0.544325419724591	0.6206036599687894	0.5983451538495781	0.5825957144202549
33.5	0.49427277620027044	0.5291930832748462	0.5443579563510603	0.6220945648276981	0.5998227166649155	0.5835077444341397
33.75	0.49561606125570873	0.5305548198232364	0.5443998315013991	0.6235706353634911	0.6012891599179704	0.5844283754051275
34.	0.496948679963589	0.5319087003726852	0.5444509605784762	0.6250321016914373	0.6027445922095078	0.585357306647567
34.25	0.49827075892519634	0.5332548046228774	0.5445112591317186	0.6264791908741392	0.6041891212035095	0.5862942414399028
34.5	0.4995824235590224	0.5345932112531371	0.5445806428604363	0.6279121269457513	0.605622853632558	0.587238886997992
34.75	0.500883798108243	0.5359239979310524	0.5446590276171237	0.629331130936112	0.6070458953031976	0.5881909544484921
35.	0.5021750056481704	0.5372472413210715	0.5447463294107411	0.6307364208947845	0.6084583511012807	0.5891501588023202
35.25	0.5034561680936809	0.5385630170930626	0.5448424644099712	0.6321282119150097	0.6098603249972907	0.5901162189281837
35.5	0.5047274062066166	0.5398713999308413	0.5449473489464571	0.6335067161575709	0.6112519200516494	0.5910888575261823
35.75	0.5059888396031635	0.5411724635406674	0.5450608995180162	0.6348721428745686	0.6126332384200014	0.5920678011014818
36.	0.5072405867612031	0.5424662806597049	0.5451830327918321	0.6362246984331072	0.6140043813584826	0.5930527799380587
36.25	0.5084827650276398	0.5437529230644536	0.5453136656076261	0.637564586338893	0.6153654492289671	0.5940435280725156
36.5	0.5097154906257033	0.5450324615791433	0.545452714980805	0.6388920072597432	0.6167165415042966	0.5950397832679704
36.75	0.5109388786622254	0.546304966084099	0.5456000981055888	0.6402071590490057	0.6180577567734886	0.5960412869880141
37.	0.5121530431348924	0.5475705055240696	0.5457557323581146	0.6415102367688912	0.6193891927469275	0.5970477843707417
37.25	0.5133580969394718	0.5488291479165273	0.5459195352995194	0.6428014327137154	0.6207109462615352	0.5980590242028536
37.5	0.5145541518770146	0.550080960359931	0.5460914246790018	0.6440809364330534	0.6220231132859216	0.599074758893829
37.75	0.5157413186610323	0.5513260090419582	0.5462713184368606	0.6453489347548036	0.6233257889255186	0.6000947444501705
38.	0.5169197069246487	0.5525643592477041	0.5464591347075115	0.6466056118081654	0.6246190674276919	0.6011187404497198
38.25	0.5180894252277268	0.5537960753678473	0.5466547918224826	0.6478511490465263	0.6259030421868352	0.6021465100160448
38.5	0.5192505810639712	0.5550212209067829	0.5468582083133875	0.6490857252702602	0.6271778057494449	0.6031778197928991
38.75	0.5204032808680034	0.5562398584907219	0.5470693029148765	0.6503095166494379	0.6284434498191752	0.6042124399187513
39.	0.5215476300224158	0.5574520498757596	0.547287994567566	0.6515226967464478	0.6297000652618745	0.6052501440013867
39.25	0.5226837328647969	0.5586578559559079	0.5475142024209461	0.6527254365385289	0.6309477421106016	0.6062907090925801
39.5	0.5238116926947332	0.5598573367710986	0.5477478458362652	0.6539179044402137	0.6321865695706237	0.6073339156628406
39.75	0.5249316117807865	0.5610505515151504	0.5479888443893947	0.6551002663256837	0.6334166360243949	0.608379547576226
40.	0.5260435913674448	0.5622375585437042	0.5482371178736698	0.6562726855510355	0.6346380290365152	0.6094273920652314
40.25	0.5271477316820499	0.5634184153821262	0.5484925863027093	0.6574353229764567	0.6358508353586696	0.6104772397057461
40.5	0.5282441319416975	0.5645931787333778	0.5487551699132136	0.6585883369883164	0.6370551409345495	0.6115288843920841
40.75	0.5293328903601151	0.565761904485851	0.5490247891677402	0.6597318835211635	0.638251030904754	0.6125821233120856
41.	0.530414104154513	0.5669246477211729	0.5493013647574576	0.6608661160796385	0.639438589611671	0.6136367569222887
41.25	0.5314878695524103	0.568081462721977	0.5495848176048777	0.6619911857602945	0.640617900604342	0.6146925889231744
41.5	0.5325542817984372	0.5692324029796396	0.5498750688665648	0.6631072412733312	0.6417890466433032	0.6157494262344806
41.75	0.5336134351611108	0.5703775212019859	0.5501720399358245	0.6642144289642402	0.6429521097054114	0.61680707897059
42.	0.5346654229395862	0.5715168693209622	0.5504756524453701	0.6653128928353597	0.6441071709886494	0.6178653604159874
42.25	0.5357103374703834	0.5726504985002736	0.5507858282699656	0.6664027745673415	0.6452543109169107	0.61892408700079
42.5	0.5367482701340887	0.5737784591429917	0.551102489529049	0.6674842135405303	0.646393609144766	0.6199830782763478
42.75	0.5377793113620295	0.574900800899127	0.5514255585893326	0.6685573468562518	0.6475251445622123	0.6210421568909157
43.	0.5388035506429278	0.5760175726731691	0.5517549580673808	0.6696223093580147	0.648648995299399	0.6221011485653967
43.25	0.5398210765295242	0.5771288226315952	0.5520906108321667	0.670679233652621	0.6497652387313376	0.6231598820691586
43.5	0.54083197664518	0.5782345982103428	0.5524324400076076	0.6717282501311903	0.6508739514825916	0.6242181891959186
43.75	0.5418363376904536	0.5793349461222531	0.5527803689750762	0.6727694869900942	0.6519752094319458	0.6252759047397027
44.	0.5428342454496506	0.5804299123644778	0.5531343213758921	0.6738030702518009	0.6530690877170586	0.6263328664708727
44.25	0.5438257847973508	0.5815195422258572	0.5534942211137908	0.6748291237856319	0.6541556607390935	0.6273889151122296
44.5	0.5448110397049081	0.58260388029426	0.5538599923573695	0.6758477693284316	0.6552350021673307	0.6284438943151833
44.75	0.5457900932469273	0.5836829704638955	0.5542315595425131	0.6768591265051445	0.6563071849437618	0.6294976506359972
45.	0.5467630276077149	0.5847568559425896	0.5546088473747965	0.6778633128493066	0.6573722812876635	0.6305500335121016
45.25	0.5477299240877042	0.5858255792590289	0.5549917808318658	0.6788604438234468	0.6584303627001518	0.631600895238482
45.5	0.5486908631098568	0.5868891822699719	0.5553802851657974	0.6798506328394001	0.6594814999687182	0.6326500909441343
45.75	0.5496459242260385	0.587947706167427	0.5557742859054349	0.6808339912785304	0.6605257631717464	0.6336974785685953
46.	0.5505951861233696	0.5890011914857977	0.5561737088587048	0.6818106285118675	0.6615632216830081	0.6347429188385424
46.25	0.5515387266305503	0.5900496781089952	0.5565784801149094	0.6827806519201521	0.6625939441761429	0.6357862752444647
46.5	0.5524766227241622	0.5910932052775177	0.5569885260469987	0.6837441669137948	0.6636179986291146	0.6368274140174072
46.75	0.5534089505349435	0.5921318115954965	0.5574037733138189	0.6847012769527432	0.6646354523286521	0.6378662041057848
47.	0.5543357853540398	0.5931655350377099	0.5578241488623404	0.6856520835662643	0.6656463718746692	0.6389025171522672
47.25	0.5552572016392288	0.5941944129565639	0.5582495799298641	0.6865966863726336	0.6666508231846653	0.639936227470738
47.5	0.5561732730211217	0.5952184820890399	0.5586799940462036	0.6875351830987393	0.6676488714981065	0.6409672120233209
47.75	0.5570840723093387	0.5962377785636089	0.5591153190358482	0.6884676695995955	0.6686405813807894	0.6419953503974826
48.	0.5579896714986587	0.597252337907114	0.5595554830201016	0.6893942398777668	0.669626016729183	0.643020524783201
48.25	0.5588901417751455	0.5982621950516188	0.5600004144192006	0.6903149861027053	0.6706052407747524	0.6440426199502108
48.5	0.5597855535222478	0.5992673843412244	0.5604500419544104	0.691229998629997	0.6715783160882645	0.6450615232253158
48.75	0.5606759763268738	0.6002679395388509	0.5609042946500991	0.6921393660205217	0.6725453045840726	0.6460771244697747
49.	0.5615614789854432	0.6012638938329893	0.561363101835789	0.6930431750595216	0.6735062675243826	0.6470893160567592
49.25	0.5624421295099105	0.6022552798444167	0.5618263931481879	0.6939415107755835	0.6744612655235	0.6480979928488807
49.5	0.5633179951337668	0.6032421296328834	0.5622940985331958	0.6948344564595301	0.6754103585520578	0.6491030521757912
49.75	0.5641891423180139	0.6042244747037608	0.5627661482478925	0.6957220936832242	0.676353605941224	0.6501043938118531
50.	0.5650556367571149	0.6052023460146634	0.5632424728625006	0.696604502318283	0.6772910663868918	0.6511019199538834
50.25	0.5659175433849191	0.6061757739820315	0.5637230032623294	0.6974817605547043	0.6782227979538487	0.6520955351989669
50.5	0.5667749263805624	0.6071447884876855	0.5642076706496939	0.6983539449194037	0.6791488580799276	0.6530851465223395
50.75	0.5676278491743418	0.6081094188853448	0.5646964065458144	0.6992211302946629	0.6800693035801376	0.6540706632553485
51.	0.5684763744535661	0.6090696940071151	0.5651891427926923	0.7000833899364884	0.680984190650777	0.6550519970634767
51.25	0.5693205641683796	0.6100256421699415	0.5656858115549654	0.7009407954928851	0.6818935748735253	0.6560290619244455
51.5	0.5701604795375634	0.6109772911820308	0.5661863453217402	0.7017934170220339	0.6827975112195175	0.6570017741063823
51.75	0.5709961810543096	0.6119246683492374	0.5666906769084025	0.702641323010389	0.6836960540533978	0.6579700521460654
52.	0.5718277284919706	0.6128678004814205	0.5671987394584068	0.7034845803906806	0.6845892571373559	0.6589338168272356
52.25	0.5726551809097853	0.6138067138987646	0.5677104664450436	0.7043232545598305	0.6854771736351413	0.6598929911589828
52.5	0.5734785966585771	0.6147414344380702	0.5682257916731827	0.7051574093967788	0.6863598561160611	0.6608475003542
52.75	0.5742980333864304	0.6156719874590084	0.5687446492809979	0.7059871072802235	0.6872373565589573	0.6617972718081147
53.	0.5751135480443386	0.6165983978503462	0.5692669737416676	0.7068124091062681	0.6881097263561644	0.6627422350768831
53.25	0.5759251968918297	0.6175206900361353	0.569792699865054	0.7076333743059825	0.6889770163174488	0.6636823218562655
53.5	0.5767330355025662	0.6184388879818705	0.5703217627993601	0.7084500608628761	0.6898392766739281	0.6646174659603651
53.75	0.5775371187699188	0.6193530152006141	0.5708540980327654	0.7092625253302787	0.6906965570819719	0.6655476033004415
54.	0.5783375009125159	0.6202630947590877	0.5713896413950394	0.7100708228486363	0.6915489066270817	0.6664726718637969
54.25	0.579134235479769	0.6211691492837305	0.5719283290591327	0.7108750071627157	0.6923963738277557	0.6673926116927309
54.5	0.5799273753573715	0.622071200966726	0.5724700975427464	0.7116751306387219	0.6932390066393272	0.6683073648635678
54.75	0.5807169727727733	0.6229692715719939	0.5730148837098801	0.7124712442813244	0.6940768524577925	0.6692168754657564
55.	0.5815030793006297	0.623863382441151	0.5735626247723578	0.7132633977505987	0.6949099581236113	0.670121089581039
55.25	0.5822857458682267	0.6247535544994378	0.5741132582913311	0.714051639378874	0.6957383699254942	0.6710199552626941
55.5	0.583065022760879	0.6256398082616126	0.5746667221787609	0.7148360161874957	0.6965621336041667	0.6719134225148482
55.75	0.5838409596273055	0.6265221638378128	0.5752229546988783	0.7156165739034999	0.6973812943561166	0.6728014432718612
56.	0.584613605484978	0.6274006409393831	0.5757818944696212	0.7163933569761937	0.6981958968373205	0.6736839713777819
56.25	0.585383008725445	0.6282752588846714	0.5763434804640513	0.7171664085936535	0.6990059851669528	0.6745609625658748
56.5	0.5861492171196311	0.6291460366047905	0.5769076520117473	0.71793577069913	0.6998116029310728	0.6754323744382185
56.75	0.5869122778231122	0.6300129926493481	0.5774743488001787	0.7187014840073659	0.7006127931862944	0.6762981664453751
57.	0.5876722373813621	0.6308761451921436	0.5780435108760535	0.7194635880208248	0.7014095984634388	0.6771582998661347
57.25	0.5884291417349792	0.6317355120368306	0.5786150786466492	0.720222121045831	0.702202060771161	0.6780127377873231
57.5	0.5891830362248838	0.6325911106225492	0.5791889928811169	0.7209771202086215	0.7029902215995654	0.6788614450836892
57.75	0.5899339655974924	0.6334429580295233	0.579765194711767	0.7217286214713068	0.7037741219237958	0.6797043883978597
58.	0.5906819740098672	0.6342910709846246	0.5803436256353316	0.7224766596477463	0.7045538022076105	0.6805415361203657
58.25	0.5914271050348392	0.635135465866906	0.5809242275142044	0.7232212684193333	0.7053293024069335	0.6813728583697414
58.5	0.5921694016661073	0.6359761587130998	0.5815069425776598	0.7239624803506883	0.7061006619733925	0.6821983269726923
58.75	0.5929089063233124	0.6368131652230837	0.5820917134230499	0.7247003269052701	0.7068679198578314	0.6830179154443388
59.	0.5936456608570857	0.6376465007653151	0.5826784830169784	0.725434838460892	0.7076311145138084	0.6838315989685255
59.25	0.5943797065540728	0.63847618038223	0.5832671946964545	0.7261660443251514	0.7083902839010723	0.6846393543782072
59.5	0.5951110841419323	0.6393022187956112	0.5838577921700228	0.7268939727507726	0.7091454654890196	0.6854411601359027
59.75	0.5958398337943092	0.6401246304119221	0.5844502195188724	0.7276186509508564	0.7098966962601336	0.6862369963142231
60.	0.5965659951357838	0.64094342932761	0.5850444211979251	0.7283401051140468	0.7106440127134038	0.6870268445764669
60.25	0.5972896072467953	0.641758629334372	0.5856403420368992	0.7290583604196019	0.7113874508677254	0.6878106881572925
60.5	0.59801070866854	0.6425702439243922	0.5862379272413526	0.7297734410523833	0.7121270462652796	0.6885885118434564
60.75	0.5987293374078452	0.6433782862955456	0.5868371223937053	0.7304853702177492	0.7128628339748956	0.6893603019546263
61.	0.599445530942017	0.6441827693565645	0.5874378734542376	0.7311941701563667	0.7135948485953929	0.6901260463242648
61.25	0.6001593262236647	0.6449837057321794	0.5880401267620678	0.7318998621589295	0.7143231242589042	0.6908857342805834
61.5	0.6008707596854987	0.6457811077682205	0.5886438290361079	0.7326024665807871	0.7150476946341783	0.6916393566275701
61.75	0.6015798672451032	0.6465749875366885	0.5892489273759964	0.7333020028564895	0.7157685929298653	0.6923869056260856
62.	0.6022866843096857	0.6473653568407949	0.589855369263011	0.7339984895142386	0.7164858518977824	0.6931283749750328
62.25	0.6029912457807997	0.6481522272199652	0.5904631025609568	0.7346919441902529	0.7171995038361576	0.6938637597925973
62.5	0.603693586059042	0.6489356099548118	0.5910720755170356	0.7353823836430426	0.7179095805928587	0.6945930565975594
62.75	0.6043937390487285	0.6497155160720738	0.5916822367626904	0.7360698237675984	0.7186161135686004	0.6953162632906771
63.	0.6050917381625391	0.6504919563495231	0.5922935353144301	0.7367542796094859	0.7193191337201312	0.6960333791361403
63.25	0.6057876163261432	0.651264941320837	0.5929059205746304	0.7374357653788588	0.7200186715634032	0.6967444047430972
63.5	0.6064814059827965	0.6520344812804412	0.5935193423323154	0.7381142944643767	0.7207147571767221	0.6974493420472514
63.75	0.6071731390979145	0.6528005862883149	0.594133750763914	0.7387898794470371	0.7214074202038772	0.6981481942925303
64.	0.6078628471636215	0.6535632661747667	0.594749096433997	0.739462532113919	0.7220966898572521	0.698840966012826
64.25	0.6085505612032714	0.6543225305451764	0.5953653302959907	0.7401322634718368	0.7227825949209185	0.6995276630138065
64.5	0.6092363117759471	0.6550783887847045	0.59598240369287	0.7407990837609052	0.7234651637537064	0.7002082923547985
64.75	0.6099201289809335	0.6558308500629659	0.596600268357828	0.741463002468017	0.7241444242922592	0.7008828623307404
65.	0.6106020424621645	0.6565799233386764	0.5972188764149244	0.742124028340228	0.7248204040540682	0.701551382454211
65.25	0.6112820814126465	0.6573256173642597	0.5978381803797125	0.7427821693980586	0.725493130140486	0.7022138634375228
65.5	0.6119602745788559	0.658067940690426	0.5984581331598431	0.7434374329487035	0.7261626292397231	0.7028703171748938
65.75	0.6126366502651119	0.658806901670717	0.5990786880556471	0.7440898255991522	0.7268289276298248	0.7035207567246842
66.	0.613311236337924	0.6595425084660154	0.5996997987606976	0.7447393532692224	0.7274920511816281	0.7041651962917108
66.25	0.6139840602303146	0.6602747690490247	0.6003214193623462	0.7453860212045033	0.728152025361699	0.704803651209627
66.5	0.6146551489461181	0.6610036912087145	0.6009435043422418	0.7460298339892106	0.7288088752352518	0.7054361379233773
66.75	0.6153245290642506	0.661729282554733	0.6015660085768245	0.7466707955589542	0.7294626254690486	0.7060626739717244
67.	0.6159922267429603	0.6624515505217858	0.6021888873377992	0.7473089092134128	0.7301133003342799	0.7066832779698435
67.25	0.6166582677240481	0.6631705023739846	0.6028120962925858	0.7479441776289251	0.7307609237094244	0.7072979695919921
67.5	0.6173226773370665	0.6638861452091593	0.6034355915047487	0.7485766028709893	0.7314055190830911	0.707906769554248
67.75	0.6179854805034903	0.6645984859631389	0.6040593294344041	0.7492061864066727	0.7320471095568438	0.7085096995973224
68.	0.6186467017408661	0.665307531414001	0.6046832669386051	0.7498329291169361	0.7326857178480006	0.7091067824694401
68.25	0.6193063651669328	0.6660132881862855	0.6053073612717049	0.7504568313088658	0.7333213662924205	0.7096980419092942
68.5	0.6199644945037204	0.6667157627551761	0.6059315700856979	0.7510778927278192	0.7339540768472687	0.7102835026290704
68.75	0.6206211130816206	0.6674149614506522	0.6065558514305398	0.751696112569481	0.7345838710937596	0.7108631902975449
69.	0.6212762438434357	0.668110890461602	0.6071801637544442	0.7523114894918279	0.7352107702398838	0.7114371315232493
69.25	0.6219299093484003	0.6688035558399079	0.6078044659041588	0.7529240216270114	0.7358347951231173	0.7120053538377158
69.5	0.6225821317761779	0.6694929635044964	0.6084287171252194	0.7535337065931444	0.7364559662131067	0.7125678856787789
69.75	0.6232329329308339	0.6701791192453553	0.6090528770621799	0.7541405415060024	0.7370743036143379	0.7131247563739664
70.	0.6238823342447815	0.6708620287275187	0.6096769057588245	0.7547445229906353	0.737689827068787	0.7136759961239454
70.25	0.6245303567827047	0.6715416974950178	0.610300763658353	0.755345647192893	0.7383025559585485	0.7142216359860525
70.5	0.6251770212454557	0.6722181309748014	0.6109244116035484	0.7559439097908565	0.7389125093084467	0.7147617078578861
70.75	0.6258223479739258	0.6728913344806197	0.6115478108369207	0.756539306006186	0.7395197057886284	0.7152962444609776
71.	0.626466356952893	0.6735613132168783	0.6121709230008281	0.7571318306153778	0.7401241637171324	0.7158252793245268
71.25	0.6271090678148432	0.6742280722824583	0.6127937101375776	0.7577214779609309	0.7407259010624451	0.7163488467692136
71.5	0.6277504998437687	0.6748916166745024	0.6134161346895034	0.7583082419624269	0.7413249354460332	0.7168669818910807
71.75	0.6283906719789378	0.67555195129217	0.614038159499023	0.7588921161275227	0.7419212841448575	0.7173797205454853
72.	0.6290296028186433	0.676209080940358	0.6146597478086704	0.759473093562849	0.74251496409387	0.7178870993311237
72.25	0.6296673106239239	0.6768630103333886	0.6152808632611109	0.7600511669848251	0.7431059918884875	0.7183891555741271
72.5	0.6303038133222599	0.6775137440986659	0.6159014698991289	0.7606263287303834	0.7436943837870502	0.7188859273122319
72.75	0.6309391285112464	0.6781612867802969	0.6165215321655984	0.7611985707676044	0.7442801557132595	0.7193774532790116
73.	0.6315732734622387	0.6788056428426812	0.6171410149034279	0.7617678847062633	0.7448633232585936	0.7198637728881943
73.25	0.6322062651239747	0.6794468166740695	0.6177598833554866	0.7623342618082871	0.7454439016847094	0.7203449262180381
73.5	0.6328381201261712	0.680084812590084	0.6183781031645063	0.7628976929981265	0.7460219059258213	0.7208209539957886
73.75	0.6334688547830953	0.6807196348372123	0.6189956403729617	0.7634581688730313	0.7465973505910608	0.7212918975821985
74.	0.634098485097111	0.6813512875962626	0.6196124614229306	0.7640156797132489	0.7471702499668184	0.7217577989561277
74.25	0.6347270267622005	0.6819797749857908	0.6202285331559295	0.7645702154921197	0.7477406180190668	0.7222187006992069
74.5	0.6353544951674609	0.6826051010654904	0.6208438228127295	0.7651217658860943	0.7483084683956616	0.7226746459805768
74.75	0.6359809054005754	0.6832272698395532	0.6214582980331482	0.7656703202846629	0.7488738144286257	0.7231256785417
75.	0.6366062722512595	0.6838462852599951	0.6220719268558228	0.7662158678001827	0.7494366691364143	0.7235718426812374
75.25	0.6372306102146827	0.6844621512299477	0.622684677717957	0.766758397277633	0.7499970452261584	0.7240131832400061
75.5	0.6378539334948646	0.6850748716069206	0.6232965194550494	0.7672978973042722	0.7505549550958919	0.724449745585998
75.75	0.6384762560080454	0.6856844502060284	0.6239074213005996	0.7678343562192047	0.7511104108367579	0.7248815755994813
76.	0.6390975913860334	0.6862908908031838	0.6245173528857897	0.768367762122868	0.751663424235195	0.7253087196581594
76.25	0.6397179529795253	0.6868941971382597	0.6251262842391472	0.7688981028864175	0.7522140067751064	0.725731224622416
76.5	0.6403373538614017	0.6874943729182194	0.6257341857861842	0.7694253661610388	0.7527621696400082	0.7261491378206217
76.75	0.640955806830001	0.6880914218202095	0.6263410283490147	0.7699495393871566	0.7533079237151592	0.7265625070345116
77.	0.6415733244123606	0.6886853474946248	0.6269467831459506	0.7704706098035609	0.7538512795896699	0.7269713804846456
77.25	0.6421899188674423	0.6892761535681365	0.6275514217910749	0.7709885644564489	0.7543922475585964	0.727375806815922
77.5	0.6428056021893271	0.6898638436466906	0.6281549162937945	0.7715033902083696	0.7549308376250081	0.7277758350831798
77.75	0.6434203861103844	0.6904484213184712	0.6287572390583689	0.7720150737470843	0.7554670595020454	0.7281715147368628
78.	0.6440342821044197	0.6910298901568303	0.6293583628834188	0.7725236015943383	0.7560009226149472	0.728562895608757
78.25	0.6446473013897953	0.6916082537231879	0.6299582609614122	0.7730289601145433	0.7565324361030692	0.7289500278978004
78.5	0.6452594549325247	0.6921835155698965	0.6305569068781279	0.7735311355233702	0.7570616088218775	0.72933296215596
78.75	0.6458707534493449	0.6927556792430725	0.631154274612098	0.7740301138962524	0.7575884493449231	0.7297117492741914
79.	0.6464812074107621	0.6933247482853964	0.6317503385340286	0.774525881176808	0.7581129659657988	0.7300864404684555
79.25	0.6470908270440705	0.6938907262388794	0.6323450734061968	0.7750184231851553	0.7586351667000786	0.7304570872658132
79.5	0.6476996223363508	0.6944536166475963	0.6329384543818282	0.7755077256261629	0.75915505928723	0.7308237414905956
79.75	0.648307603037438	0.6950134230603857	0.6335304570044508	0.775993774097594	0.7596726511925187	0.7311864552506377
80.	0.6489147786628696	0.6955701490335191	0.6341210572072277	0.7764765540981644	0.7601879496088834	0.7315452809235914
80.25	0.6495211584968037	0.6961237981333341	0.6347102313122674	0.7769560510355213	0.7607009614587978	0.7319002711432989
80.5	0.6501267515949166	0.6966743739388365	0.6352979560299123	0.7774322502341187	0.7612116933961115	0.7322514787862522
80.75	0.6507315667872715	0.6972218800442707	0.6358842084580061	0.7779051369430197	0.7617201518078704	0.7325989569581084
81.	0.6513356126811656	0.6977663200616527	0.6364689660811377	0.7783746963435941	0.7622263428161209	0.732942758980293
81.25	0.6519388976639486	0.6983076976232767	0.6370522067698645	0.7788409135571439	0.7627302722796907	0.7332829383766559
81.5	0.65254142990582	0.698846016384182	0.637633908779913	0.7793037736524219	0.7632319457959533	0.7336195488602164
81.75	0.6531432173625984	0.6993812800245918	0.6382140507513581	0.7797632616530813	0.7637313687025742	0.7339526443199667
82.	0.6537442677784658	0.6999134922523174	0.63879261170778	0.7802193625450149	0.7642285460792342	0.7342822788077539
82.25	0.6543445886886904	0.700442656805129	0.639369571055399	0.7806720612836253	0.7647234827493361	0.7346085065252332
82.5	0.6549441874223195	0.700968777453094	0.6399449085821889	0.781121342800997	0.7652161832816914	0.7349313818108851
82.75	0.6555430711048505	0.7014918580008844	0.640518604456968	0.7815671920129743	0.7657066519921886	0.7352509591271164
83.	0.6561412466608758	0.7020119022900462	0.6410906392284695	0.7820095938261648	0.7661948929454402	0.7355672930474184
83.25	0.6567387208167039	0.7025289142012414	0.6416609938243867	0.7824485331448402	0.7666809099564127	0.7358804382436102
83.5	0.657335500102953	0.7030428976564541	0.6422296495504005	0.7828839948777565	0.7671647065920366	0.7361904494731446
83.75	0.6579315908571208	0.7035538566211629	0.6427965880891818	0.7833159639448822	0.7676462861727962	0.7364973815664839
84.	0.6585269992261323	0.7040617951064846	0.6433617914993734	0.7837444252840398	0.7681256517743007	0.7368012894145584
84.25	0.6591217311688562	0.7045667171712799	0.6439252422145495	0.7841693638574543	0.7686028062288384	0.7371022279562824
84.5	0.6597157924586018	0.7050686269242297	0.6444869230421537	0.7845907646582189	0.7690777521269059	0.7374002521661516
84.75	0.6603091886855882	0.7055675285258746	0.6450468171624141	0.7850086127166698	0.7695504918187244	0.7376954170419054
85.	0.6609019252593895	0.7060634261906285	0.6456049081272381	0.7854228931066655	0.7700210274157349	0.7379877775922661
85.25	0.6614940074113542	0.7065563241887509	0.6461611798590835	0.785833590951788	0.7704893607920693	0.7382773888247465
85.5	0.6620854401970009	0.7070462268482914	0.6467156166498085	0.7862406914314513	0.7709554935860097	0.7385643057335245
85.75	0.662676228498386	0.7075331385570023	0.6472682031595004	0.7866441797869157	0.7714194272014239	0.7388485832874034
86.	0.6632663770264504	0.7080170637642116	0.6478189244152817	0.7870440413272211	0.7718811628091821	0.7391302764178265
86.25	0.663855890323338	0.7084980069826723	0.6483677658100928	0.7874402614350258	0.7723407013485567	0.7394094400069686
86.5	0.6644447727646913	0.7089759727903703	0.6489147131014559	0.7878328255723626	0.7727980435285993	0.7396861288759118
86.75	0.6650330285619193	0.7094509658323058	0.6494597524102153	0.7882217192862961	0.7732531898294996	0.739960397772867
87.	0.6656206617644429	0.709922990822237	0.650002870219254	0.788606928214505	0.77370614050393	0.7402323013614971
87.25	0.6662076762619162	0.7103920525443945	0.6505440533721921	0.7889884380907635	0.7741568955783611	0.7405018942092805
87.5	0.6667940757864173	0.7108581558551603	0.651083289072061	0.7893662347503398	0.7746054548543677	0.7407692307759757
87.75	0.6673798639146209	0.7113213056847154	0.6516205648799547	0.7897403041353015	0.7750518179099091	0.7410343654021296
88.	0.6679650440699403	0.7117815070386532	0.6521558687136619	0.7901106322997438	0.7754959841005936	0.7412973522976878
88.25	0.6685496195246489	0.7122387649995618	0.6526891888462734	0.7904772054149085	0.7759379525609218	0.7415582455306378
88.5	0.6691335934019722	0.7126930847285701	0.6532205139047713	0.7908400097742356	0.7763777222055124	0.7418170990157651
88.75	0.6697169686781597	0.7131444714668662	0.6537498328685896	0.7911990317983137	0.7768152917303071	0.7420739665034473
89.	0.6702997481845261	0.7135929305371774	0.6542771350681627	0.7915542580397439	0.777250659613756	0.7423289015685357
89.25	0.6708819346094735	0.7140384673452201	0.6548024101834407	0.7919056751879137	0.7776838241179874	0.7425819575993113
89.5	0.6714635305004832	0.7144810873811169	0.655325648242393	0.7922532700736897	0.7781147832899524	0.7428331877865009
89.75	0.6720445382660856	0.71492079622078	0.6558468396194828	0.7925970296740077	0.7785435349625561	0.7430826451123651
90.	0.6726249601778052	0.7153575995272616	0.6563659750341231	0.7929369411163927	0.7789700767557661	0.7433303823398776
90.25	0.673204798372077	0.7157915030520723	0.6568830455491106	0.7932729916833667	0.7793944060777012	0.7435764520019477
90.5	0.6737840548521452	0.7162225126364657	0.657398042569035	0.7936051688167947	0.779816520125704	0.7438209063907288
90.75	0.674362731489926	0.716650634212689	0.6579109578386719	0.7939334601221135	0.7802364158873927	0.7440637975470024
91.	0.6749408300278565	0.7170758738052051	0.6584217834413459	0.7942578533724982	0.7806540901416916	0.744305177249625
91.25	0.6755183520807108	0.7174982375318755	0.6589305117972802	0.7945783365129182	0.7810695394598458	0.7445450970050476
91.5	0.676095299137397	0.7179177316051143	0.6594371356619172	0.7948948976641199	0.7814827602064154	0.7447836080369139
91.75	0.6766716725627213	0.7183343623330108	0.6599416481242221	0.7952075251265154	0.7818937485402467	0.7450207612757145
92.	0.6772474735991345	0.718748136120413	0.6604440426049616	0.7955162073839757	0.7823025004154328	0.7452566073485318
92.25	0.6778227033684519	0.7191590594699847	0.6609443128549621	0.795820933107545	0.782709011582246	0.7454911965688422
92.5	0.6783973628735451	0.7195671389832266	0.6614424529533454	0.7961216911590621	0.7831132775880554	0.7457245789263971
92.75	0.6789714530000105	0.7199723813614628	0.661938457305743	0.796418470594696	0.7835152937782249	0.7459568040771662
93.	0.6795449745178135	0.720374793406799	0.6624323206424879	0.7967112606683808	0.7839150552969919	0.7461879213333664
93.25	0.6801179280829077	0.7207743820230456	0.6629240380167838	0.7970000508351802	0.7843125570883247	0.7464179796535495
93.5	0.6806903142388275	0.7211711542166033	0.6634136048028556	0.7972848307545517	0.7847077938967659	0.7466470276327659
93.75	0.681262133418258	0.7215651170973238	0.6639010166940728	0.7975655902935213	0.7851007602682479	0.7468751134928009
94.	0.681833385944575	0.7219562778793336	0.6643862697010556	0.7978423195297777	0.7854914505508991	0.7471022850724813
94.25	0.6824040720333675	0.7223446438818238	0.664869360149757	0.7981150087546633	0.7858798588958231	0.7473285898180517
94.5	0.682974191793929	0.7227302225298063	0.6653502846795218	0.7983836484760951	0.7862659792578637	0.7475540747736267
94.75	0.6835437452307263	0.723113021354844	0.6658290402411289	0.7986482294213835	0.7866498053963449	0.7477787865717065
95.	0.6841127322448423	0.7234930479957377	0.6663056240948018	0.7989087425399637	0.7870313308758001	0.7480027714237742
95.25	0.6846811526353954	0.7238703101991896	0.6667800338082093	0.7991651790060468	0.7874105490666736	0.7482260751109571
95.5	0.6852490061009309	0.7242448158204267	0.6672522672544339	0.7994175302211686	0.787787453146007	0.7484487429747617
95.75	0.6858162922407917	0.7246165728237947	0.6677223226099256	0.7996657878166609	0.7881620360981083	0.7486708199078778
96.	0.6863830105564586	0.7249855892833214	0.6681901983524277	0.7999099436560315	0.7885342907151967	0.7488923503450573
96.25	0.6869491604528715	0.7253518733832399	0.6686558932588872	0.8001499898372517	0.7889042095980301	0.7491133782540662
96.5	0.687514741239718	0.7257154334184885	0.6691194064033359	0.8003859186949551	0.7892717851565174	0.7493339471267022
96.75	0.6880797521327081	0.7260762777951668	0.6695807371547575	0.800617722802557	0.7896370096103043	0.7495540999698844
97.	0.688644192254811	0.7264344150309673	0.670039885174925	0.8008453949742709	0.7899998749893469	0.7497738792968187
97.25	0.6892080606374753	0.726789853755572	0.6704968504162219	0.8010689282670478	0.7903603731344612	0.7499933271182349
97.5	0.6897713562218222	0.7271426027110164	0.67095163311944	0.8012883159824178	0.7907184956978541	0.7502124849336851
97.75	0.6903340778598146	0.7274926707520144	0.6714042338115517	0.8015035516682509	0.791074234143639	0.7504313937229328
98.	0.6908962243153971	0.7278400668462621	0.6718546533034677	0.8017146291204251	0.791427579748325	0.7506500939373855
98.25	0.6914577942656163	0.7281848000746948	0.6723028926877648	0.8019215423844048	0.7917785236012944	0.7508686254916306
98.5	0.6920187863017104	0.7285268796317275	0.6727489533363973	0.8021242857567277	0.792127056605258	0.7510870277550181
98.75	0.6925791989301829	0.7288663148254437	0.673192836898383	0.8023228537864162	0.7924731694766866	0.7513053395433225
99.	0.6931390305738384	0.7292031150777674	0.6736345452974721	0.8025172412762847	0.7928168527462324	0.7515235991104827
99.25	0.693698279572804	0.7295372899245929	0.6740740807297863	0.8027074432841608	0.7931580967591221	0.7517418441404013
99.5	0.6942569441855224	0.7298688490158849	0.674511445661444	0.8028934551240299	0.7934968916755374	0.751960111738831
99.75	0.694815022589717	0.7301978021157449	0.6749466428261597	0.80307527236707	0.7938332274709728	0.7521784384253078
100.	0.6953725128833363	0.7305241591024455	0.6753796752228209	0.8032528908426255	0.7941670939365755	0.752396860125188
